const status_json = {
            "temp": {
                "current": "23",
                "log": {
                    "last_24_hours": [22.0, 20.4, 18.9, 17.2, 16.5, 16.0, 15.7, 15.3, 16.2, 15.8, 15.5, 15.3, 15.1, 15.0, 15.5, 16.7, 18.3, 20.1, 22.4, 24.0, 25.1, 25.8, 25.6, 24.3],
                    "last_hour": [22.0, 20.4, 18.9, 17.2, 16.5, 16.0, 15.7, 15.3, 16.2, 15.8, 15.5, 15.3, 15.1, 15.0, 15.5, 16.7, 18.3, 20.1, 22.4, 24.0, 25.1, 25.8, 25.6, 24.3],
                    "last_5_minutes": [22.0, 20.4, 18.9, 17.2, 16.5, 16.0, 15.7, 15.3, 16.2, 15.8, 15.5, 15.3, 15.1, 15.0, 15.5, 16.7, 18.3, 20.1, 22.4, 24.0, 25.1, 25.8, 25.6, 24.3]
                }
            },
            "humidity": {
                "current": "42",
                "log": {
                    "last_24_hours": [22.0, 20.4, 18.9, 17.2, 16.5, 16.0, 15.7, 15.3, 16.2, 15.8, 15.5, 15.3, 15.1, 15.0, 15.5, 16.7, 18.3, 20.1, 22.4, 24.0, 25.1, 25.8, 25.6, 24.3],
                    "last_hour": [22.0, 20.4, 18.9, 17.2, 16.5, 16.0, 15.7, 15.3, 16.2, 15.8, 15.5, 15.3, 15.1, 15.0, 15.5, 16.7, 18.3, 20.1, 22.4, 24.0, 25.1, 25.8, 25.6, 24.3],
                    "last_5_minutes": [22.0, 20.4, 18.9, 17.2, 16.5, 16.0, 15.7, 15.3, 16.2, 15.8, 15.5, 15.3, 15.1, 15.0, 15.5, 16.7, 18.3, 20.1, 22.4, 24.0, 25.1, 25.8, 25.6, 24.3]
                }
            },
            "outlets": [
                {
                    "label": "3x Luces",
                    "state": 0,
                    "mode": 0
                },
                {
                    "label": "Ventilador",
                    "state": 0,
                    "mode": 1
                },
                {
                    "label": "2x Luces",
                    "state": 0,
                    "mode": 2
                },
                {
                    "label": "Extractor",
                    "state": 1,
                    "mode": 0
                },
                {
                    "label": "Humidificador",
                    "state": 1,
                    "mode": 0
                },
                {
                    "label": "--",
                    "state": 0,
                    "mode": 0
                },
            ]
        }